23111
7311
20304
21402
16343
18266
602
10506
495
9536
11127
17013
10118
13892
6453
13809
20700
18139
16115
20148
18287
10495
10235
13182
11745
21298
3684
7268
23841
997
17695
395
3124
9172
11209
22938
16037
15140
6947
3584
10468
14961
13495
12721
21567
22044
21572
12400
24012
13391
1738
2081
13274
3186
22963
1078
5686
18603
3658
7314
22853
3194
22215
961
11918
2200
8630
14673
10188
19107
6351
6511
2102
20785
614
4701
22193
2463
4037
10436
14921
12899
11298
4452
20477
23474
10102
24548
13000
2368
20447
1251
1960
23888
22120
23244
21445
6610
20444
8426
21315
14497
8012
21214
19083
10257
18692
7428
7905
6173
20319
21588
3481
16146
11372
1287
22378
23900
11915
22551
10240
11458
1641
7901
16984
3471
18447
3440
12771
6282
2992
273
4185
24078
11592
2117
23566
9431
7561
18048
15197
23663
11909
21556
7096
8242
7307
3803
10016
2877
16263
14366
14554
20967
41
8954
19807
18137
16067
20676
6492
12733
1043
4864
16314
16086
11797
12011
22342
14352
8048
21380
20048
1121
6405
17071
13913
7274
15748
3143
3253
102
16891
4590
19464
19534
13766
13405
9058
22617
18163
77
17588
10720
21694
20826
13357
8693
21815
21592
23002
17032
3768
20130
1695
9632
1583
2739
832
21989
14088
17096
17843
5983
20226
8541
16160
1699
17052
4301
16294
14218
4114
3297
9005
16597
14023
10324
14463
8372
14319
8214
1747
4800
19328
3771
4938
19066
19593
18616
16636
24841
13350
17928
14873
21036
24839
18390
6578
2881